18:58:19.940 [main] DEBUG - Save part 'xl/workbook.xml'
18:58:19.950 [main] DEBUG - Save part 'xl/worksheets/sheet1.xml'
18:58:19.951 [main] DEBUG - Save part 'xl/worksheets/sheet2.xml'
18:58:19.951 [main] DEBUG - Save part 'xl/worksheets/sheet3.xml'
18:58:19.952 [main] DEBUG - Save part 'xl/worksheets/sheet4.xml'
18:58:19.953 [main] DEBUG - Save part 'xl/worksheets/sheet5.xml'
18:58:19.954 [main] DEBUG - Save part 'xl/worksheets/sheet6.xml'
18:58:19.955 [main] DEBUG - Save part 'xl/worksheets/sheet7.xml'
18:58:19.958 [main] DEBUG - Save part 'xl/worksheets/sheet8.xml'
18:58:19.960 [main] DEBUG - Save part 'xl/worksheets/sheet9.xml'
18:58:19.965 [main] DEBUG - Save part 'xl/worksheets/sheet10.xml'
18:58:19.966 [main] DEBUG - Save part 'xl/worksheets/sheet11.xml'
18:58:20.084 [main] DEBUG - Parsing relationship: /xl/_rels/workbook.xml.rels
18:58:20.086 [main] DEBUG - Parsing relationship: /xl/worksheets/_rels/sheet7.xml.rels
18:58:20.087 [main] DEBUG - Parsing relationship: /_rels/.rels
18:58:20.107 [main] DEBUG - using default POIXMLDocumentPart for http://schemas.openxmlformats.org/officeDocument/2006/relationships/printerSettings
18:58:20.218 [main] DEBUG - Save content types part
18:58:20.224 [main] DEBUG - Save package relationships
18:58:20.231 [main] DEBUG - Save part 'docProps/app.xml'
18:58:20.231 [main] DEBUG - Save part 'docProps/core.xml'
18:58:20.236 [main] DEBUG - Save part 'xl/printerSettings/printerSettings1.bin'
18:58:20.237 [main] DEBUG - Save part 'xl/sharedStrings.xml'
18:58:20.241 [main] DEBUG - Save part 'xl/styles.xml'
18:58:20.247 [main] DEBUG - Save part 'xl/theme/theme1.xml'
18:58:20.249 [main] DEBUG - Save part 'xl/workbook.xml'
18:58:20.252 [main] DEBUG - Save part 'xl/worksheets/sheet1.xml'
18:58:20.283 [main] DEBUG - Save part 'xl/worksheets/sheet2.xml'
18:58:20.283 [main] DEBUG - Save part 'xl/worksheets/sheet3.xml'
18:58:20.284 [main] DEBUG - Save part 'xl/worksheets/sheet4.xml'
18:58:20.285 [main] DEBUG - Save part 'xl/worksheets/sheet5.xml'
18:58:20.295 [main] DEBUG - Save part 'xl/worksheets/sheet6.xml'
18:58:20.296 [main] DEBUG - Save part 'xl/worksheets/sheet7.xml'
18:58:20.299 [main] DEBUG - Save part 'xl/worksheets/sheet8.xml'
18:58:20.300 [main] DEBUG - Save part 'xl/worksheets/sheet9.xml'
18:58:20.301 [main] DEBUG - Save part 'xl/worksheets/sheet10.xml'
18:58:20.301 [main] DEBUG - Save part 'xl/worksheets/sheet11.xml'
18:58:20.346 [main] DEBUG - Parsing relationship: /xl/_rels/workbook.xml.rels
18:58:20.347 [main] DEBUG - Parsing relationship: /xl/worksheets/_rels/sheet7.xml.rels
18:58:20.349 [main] DEBUG - Parsing relationship: /_rels/.rels
18:58:20.372 [main] DEBUG - using default POIXMLDocumentPart for http://schemas.openxmlformats.org/officeDocument/2006/relationships/printerSettings
18:58:20.471 [main] DEBUG - Save content types part
18:58:20.473 [main] DEBUG - Save package relationships
18:58:20.475 [main] DEBUG - Save part 'docProps/app.xml'
18:58:20.475 [main] DEBUG - Save part 'docProps/core.xml'
18:58:20.477 [main] DEBUG - Save part 'xl/printerSettings/printerSettings1.bin'
18:58:20.477 [main] DEBUG - Save part 'xl/sharedStrings.xml'
18:58:20.478 [main] DEBUG - Save part 'xl/styles.xml'
18:58:20.478 [main] DEBUG - Save part 'xl/theme/theme1.xml'
18:58:20.479 [main] DEBUG - Save part 'xl/workbook.xml'
18:58:20.481 [main] DEBUG - Save part 'xl/worksheets/sheet1.xml'
18:58:20.482 [main] DEBUG - Save part 'xl/worksheets/sheet2.xml'
18:58:20.482 [main] DEBUG - Save part 'xl/worksheets/sheet3.xml'
18:58:20.482 [main] DEBUG - Save part 'xl/worksheets/sheet4.xml'
18:58:20.483 [main] DEBUG - Save part 'xl/worksheets/sheet5.xml'
18:58:20.484 [main] DEBUG - Save part 'xl/worksheets/sheet6.xml'
18:58:20.485 [main] DEBUG - Save part 'xl/worksheets/sheet7.xml'
18:58:20.487 [main] DEBUG - Save part 'xl/worksheets/sheet8.xml'
18:58:20.488 [main] DEBUG - Save part 'xl/worksheets/sheet9.xml'
18:58:20.488 [main] DEBUG - Save part 'xl/worksheets/sheet10.xml'
18:58:20.489 [main] DEBUG - Save part 'xl/worksheets/sheet11.xml'
18:58:20.552 [main] DEBUG - Parsing relationship: /xl/_rels/workbook.xml.rels
18:58:20.553 [main] DEBUG - Parsing relationship: /xl/worksheets/_rels/sheet7.xml.rels
18:58:20.553 [main] DEBUG - Parsing relationship: /_rels/.rels
18:58:20.568 [main] DEBUG - using default POIXMLDocumentPart for http://schemas.openxmlformats.org/officeDocument/2006/relationships/printerSettings
18:58:20.659 [main] DEBUG - Save content types part
18:58:20.662 [main] DEBUG - Save package relationships
18:58:20.666 [main] DEBUG - Save part 'docProps/app.xml'
18:58:20.666 [main] DEBUG - Save part 'docProps/core.xml'
18:58:20.669 [main] DEBUG - Save part 'xl/printerSettings/printerSettings1.bin'
18:58:20.669 [main] DEBUG - Save part 'xl/sharedStrings.xml'
18:58:20.670 [main] DEBUG - Save part 'xl/styles.xml'
18:58:20.671 [main] DEBUG - Save part 'xl/theme/theme1.xml'
18:58:20.671 [main] DEBUG - Save part 'xl/workbook.xml'
18:58:20.673 [main] DEBUG - Save part 'xl/worksheets/sheet1.xml'
18:58:20.674 [main] DEBUG - Save part 'xl/worksheets/sheet2.xml'
18:58:20.675 [main] DEBUG - Save part 'xl/worksheets/sheet3.xml'
18:58:20.676 [main] DEBUG - Save part 'xl/worksheets/sheet4.xml'
18:58:20.677 [main] DEBUG - Save part 'xl/worksheets/sheet5.xml'
18:58:20.678 [main] DEBUG - Save part 'xl/worksheets/sheet6.xml'
18:58:20.679 [main] DEBUG - Save part 'xl/worksheets/sheet7.xml'
18:58:20.683 [main] DEBUG - Save part 'xl/worksheets/sheet8.xml'
18:58:20.684 [main] DEBUG - Save part 'xl/worksheets/sheet9.xml'
18:58:20.684 [main] DEBUG - Save part 'xl/worksheets/sheet10.xml'
18:58:20.685 [main] DEBUG - Save part 'xl/worksheets/sheet11.xml'
18:58:20.740 [main] DEBUG - Parsing relationship: /xl/_rels/workbook.xml.rels
18:58:20.741 [main] DEBUG - Parsing relationship: /xl/worksheets/_rels/sheet7.xml.rels
18:58:20.742 [main] DEBUG - Parsing relationship: /_rels/.rels
18:58:20.756 [main] DEBUG - using default POIXMLDocumentPart for http://schemas.openxmlformats.org/officeDocument/2006/relationships/printerSettings
18:58:20.830 [main] DEBUG - Save content types part
18:58:20.833 [main] DEBUG - Save package relationships
18:58:20.834 [main] DEBUG - Save part 'docProps/app.xml'
18:58:20.835 [main] DEBUG - Save part 'docProps/core.xml'
18:58:20.837 [main] DEBUG - Save part 'xl/printerSettings/printerSettings1.bin'
18:58:20.838 [main] DEBUG - Save part 'xl/sharedStrings.xml'
18:58:20.839 [main] DEBUG - Save part 'xl/styles.xml'
18:58:20.840 [main] DEBUG - Save part 'xl/theme/theme1.xml'
18:58:20.840 [main] DEBUG - Save part 'xl/workbook.xml'
18:58:20.843 [main] DEBUG - Save part 'xl/worksheets/sheet1.xml'
18:58:20.843 [main] DEBUG - Save part 'xl/worksheets/sheet2.xml'
18:58:20.843 [main] DEBUG - Save part 'xl/worksheets/sheet3.xml'
18:58:20.844 [main] DEBUG - Save part 'xl/worksheets/sheet4.xml'
18:58:20.844 [main] DEBUG - Save part 'xl/worksheets/sheet5.xml'
18:58:20.845 [main] DEBUG - Save part 'xl/worksheets/sheet6.xml'
18:58:20.845 [main] DEBUG - Save part 'xl/worksheets/sheet7.xml'
18:58:20.847 [main] DEBUG - Save part 'xl/worksheets/sheet8.xml'
18:58:20.848 [main] DEBUG - Save part 'xl/worksheets/sheet9.xml'
18:58:20.849 [main] DEBUG - Save part 'xl/worksheets/sheet10.xml'
18:58:20.849 [main] DEBUG - Save part 'xl/worksheets/sheet11.xml'
18:58:20.904 [main] DEBUG - Parsing relationship: /xl/_rels/workbook.xml.rels
18:58:20.905 [main] DEBUG - Parsing relationship: /xl/worksheets/_rels/sheet7.xml.rels
18:58:20.906 [main] DEBUG - Parsing relationship: /_rels/.rels
18:58:20.931 [main] DEBUG - using default POIXMLDocumentPart for http://schemas.openxmlformats.org/officeDocument/2006/relationships/printerSettings
18:58:21.007 [main] DEBUG - Save content types part
18:58:21.009 [main] DEBUG - Save package relationships
18:58:21.011 [main] DEBUG - Save part 'docProps/app.xml'
18:58:21.011 [main] DEBUG - Save part 'docProps/core.xml'
18:58:21.014 [main] DEBUG - Save part 'xl/printerSettings/printerSettings1.bin'
18:58:21.014 [main] DEBUG - Save part 'xl/sharedStrings.xml'
18:58:21.016 [main] DEBUG - Save part 'xl/styles.xml'
18:58:21.017 [main] DEBUG - Save part 'xl/theme/theme1.xml'
18:58:21.017 [main] DEBUG - Save part 'xl/workbook.xml'
18:58:21.019 [main] DEBUG - Save part 'xl/worksheets/sheet1.xml'
18:58:21.020 [main] DEBUG - Save part 'xl/worksheets/sheet2.xml'
18:58:21.020 [main] DEBUG - Save part 'xl/worksheets/sheet3.xml'
18:58:21.021 [main] DEBUG - Save part 'xl/worksheets/sheet4.xml'
18:58:21.022 [main] DEBUG - Save part 'xl/worksheets/sheet5.xml'
18:58:21.023 [main] DEBUG - Save part 'xl/worksheets/sheet6.xml'
18:58:21.023 [main] DEBUG - Save part 'xl/worksheets/sheet7.xml'
18:58:21.025 [main] DEBUG - Save part 'xl/worksheets/sheet8.xml'
18:58:21.026 [main] DEBUG - Save part 'xl/worksheets/sheet9.xml'
18:58:21.027 [main] DEBUG - Save part 'xl/worksheets/sheet10.xml'
18:58:21.028 [main] DEBUG - Save part 'xl/worksheets/sheet11.xml'
18:58:21.075 [main] DEBUG - Parsing relationship: /xl/_rels/workbook.xml.rels
18:58:21.076 [main] DEBUG - Parsing relationship: /xl/worksheets/_rels/sheet7.xml.rels
18:58:21.077 [main] DEBUG - Parsing relationship: /_rels/.rels
18:58:21.100 [main] DEBUG - using default POIXMLDocumentPart for http://schemas.openxmlformats.org/officeDocument/2006/relationships/printerSettings
18:58:21.224 [main] DEBUG - Save content types part
18:58:21.227 [main] DEBUG - Save package relationships
18:58:21.234 [main] DEBUG - Save part 'docProps/app.xml'
18:58:21.234 [main] DEBUG - Save part 'docProps/core.xml'
18:58:21.245 [main] DEBUG - Save part 'xl/printerSettings/printerSettings1.bin'
18:58:21.246 [main] DEBUG - Save part 'xl/sharedStrings.xml'
18:58:21.248 [main] DEBUG - Save part 'xl/styles.xml'
18:58:21.248 [main] DEBUG - Save part 'xl/theme/theme1.xml'
18:58:21.249 [main] DEBUG - Save part 'xl/workbook.xml'
18:58:21.254 [main] DEBUG - Save part 'xl/worksheets/sheet1.xml'
18:58:21.254 [main] DEBUG - Save part 'xl/worksheets/sheet2.xml'
18:58:21.255 [main] DEBUG - Save part 'xl/worksheets/sheet3.xml'
18:58:21.255 [main] DEBUG - Save part 'xl/worksheets/sheet4.xml'
18:58:21.256 [main] DEBUG - Save part 'xl/worksheets/sheet5.xml'
18:58:21.257 [main] DEBUG - Save part 'xl/worksheets/sheet6.xml'
18:58:21.257 [main] DEBUG - Save part 'xl/worksheets/sheet7.xml'
18:58:21.259 [main] DEBUG - Save part 'xl/worksheets/sheet8.xml'
18:58:21.260 [main] DEBUG - Save part 'xl/worksheets/sheet9.xml'
18:58:21.260 [main] DEBUG - Save part 'xl/worksheets/sheet10.xml'
18:58:21.261 [main] DEBUG - Save part 'xl/worksheets/sheet11.xml'
18:58:21.486 [main] DEBUG - Parsing relationship: /xl/_rels/workbook.xml.rels
18:58:21.487 [main] DEBUG - Parsing relationship: /xl/worksheets/_rels/sheet7.xml.rels
18:58:21.488 [main] DEBUG - Parsing relationship: /_rels/.rels
18:58:21.518 [main] DEBUG - using default POIXMLDocumentPart for http://schemas.openxmlformats.org/officeDocument/2006/relationships/printerSettings
18:58:21.617 [main] DEBUG - Save content types part
18:58:21.623 [main] DEBUG - Save package relationships
18:58:21.630 [main] DEBUG - Save part 'docProps/app.xml'
18:58:21.631 [main] DEBUG - Save part 'docProps/core.xml'
18:58:21.634 [main] DEBUG - Save part 'xl/printerSettings/printerSettings1.bin'
18:58:21.634 [main] DEBUG - Save part 'xl/sharedStrings.xml'
18:58:21.636 [main] DEBUG - Save part 'xl/styles.xml'
18:58:21.636 [main] DEBUG - Save part 'xl/theme/theme1.xml'
18:58:21.637 [main] DEBUG - Save part 'xl/workbook.xml'
18:58:21.640 [main] DEBUG - Save part 'xl/worksheets/sheet1.xml'
18:58:21.640 [main] DEBUG - Save part 'xl/worksheets/sheet2.xml'
18:58:21.641 [main] DEBUG - Save part 'xl/worksheets/sheet3.xml'
18:58:21.641 [main] DEBUG - Save part 'xl/worksheets/sheet4.xml'
18:58:21.645 [main] DEBUG - Save part 'xl/worksheets/sheet5.xml'
18:58:21.647 [main] DEBUG - Save part 'xl/worksheets/sheet6.xml'
18:58:21.648 [main] DEBUG - Save part 'xl/worksheets/sheet7.xml'
18:58:21.650 [main] DEBUG - Save part 'xl/worksheets/sheet8.xml'
18:58:21.651 [main] DEBUG - Save part 'xl/worksheets/sheet9.xml'
18:58:21.652 [main] DEBUG - Save part 'xl/worksheets/sheet10.xml'
18:58:21.653 [main] DEBUG - Save part 'xl/worksheets/sheet11.xml'
18:58:21.696 [main] DEBUG - Parsing relationship: /xl/_rels/workbook.xml.rels
18:58:21.697 [main] DEBUG - Parsing relationship: /xl/worksheets/_rels/sheet7.xml.rels
18:58:21.698 [main] DEBUG - Parsing relationship: /_rels/.rels
18:58:21.721 [main] DEBUG - using default POIXMLDocumentPart for http://schemas.openxmlformats.org/officeDocument/2006/relationships/printerSettings
18:58:21.819 [main] DEBUG - Save content types part
18:58:21.821 [main] DEBUG - Save package relationships
18:58:21.823 [main] DEBUG - Save part 'docProps/app.xml'
18:58:21.825 [main] DEBUG - Save part 'docProps/core.xml'
18:58:21.832 [main] DEBUG - Save part 'xl/printerSettings/printerSettings1.bin'
18:58:21.832 [main] DEBUG - Save part 'xl/sharedStrings.xml'
18:58:21.837 [main] DEBUG - Save part 'xl/styles.xml'
18:58:21.838 [main] DEBUG - Save part 'xl/theme/theme1.xml'
18:58:21.841 [main] DEBUG - Save part 'xl/workbook.xml'
18:58:21.853 [main] DEBUG - Save part 'xl/worksheets/sheet1.xml'
18:58:21.858 [main] DEBUG - Save part 'xl/worksheets/sheet2.xml'
18:58:21.859 [main] DEBUG - Save part 'xl/worksheets/sheet3.xml'
18:58:21.860 [main] DEBUG - Save part 'xl/worksheets/sheet4.xml'
18:58:21.861 [main] DEBUG - Save part 'xl/worksheets/sheet5.xml'
18:58:21.862 [main] DEBUG - Save part 'xl/worksheets/sheet6.xml'
18:58:21.862 [main] DEBUG - Save part 'xl/worksheets/sheet7.xml'
18:58:21.864 [main] DEBUG - Save part 'xl/worksheets/sheet8.xml'
18:58:21.892 [main] DEBUG - Save part 'xl/worksheets/sheet9.xml'
18:58:21.893 [main] DEBUG - Save part 'xl/worksheets/sheet10.xml'
18:58:21.893 [main] DEBUG - Save part 'xl/worksheets/sheet11.xml'
18:58:22.897 [main] DEBUG - Parsing relationship: /xl/_rels/workbook.xml.rels
18:58:22.898 [main] DEBUG - Parsing relationship: /xl/worksheets/_rels/sheet7.xml.rels
18:58:22.898 [main] DEBUG - Parsing relationship: /_rels/.rels
18:58:22.917 [main] DEBUG - using default POIXMLDocumentPart for http://schemas.openxmlformats.org/officeDocument/2006/relationships/printerSettings
18:58:22.993 [main] DEBUG - Save content types part
18:58:22.995 [main] DEBUG - Save package relationships
18:58:22.997 [main] DEBUG - Save part 'docProps/app.xml'
18:58:22.997 [main] DEBUG - Save part 'docProps/core.xml'
18:58:23.000 [main] DEBUG - Save part 'xl/printerSettings/printerSettings1.bin'
18:58:23.000 [main] DEBUG - Save part 'xl/sharedStrings.xml'
18:58:23.001 [main] DEBUG - Save part 'xl/styles.xml'
18:58:23.002 [main] DEBUG - Save part 'xl/theme/theme1.xml'
18:58:23.002 [main] DEBUG - Save part 'xl/workbook.xml'
18:58:23.005 [main] DEBUG - Save part 'xl/worksheets/sheet1.xml'
18:58:23.006 [main] DEBUG - Save part 'xl/worksheets/sheet2.xml'
18:58:23.006 [main] DEBUG - Save part 'xl/worksheets/sheet3.xml'
18:58:23.007 [main] DEBUG - Save part 'xl/worksheets/sheet4.xml'
18:58:23.007 [main] DEBUG - Save part 'xl/worksheets/sheet5.xml'
18:58:23.008 [main] DEBUG - Save part 'xl/worksheets/sheet6.xml'
18:58:23.008 [main] DEBUG - Save part 'xl/worksheets/sheet7.xml'
18:58:23.011 [main] DEBUG - Save part 'xl/worksheets/sheet8.xml'
18:58:23.011 [main] DEBUG - Save part 'xl/worksheets/sheet9.xml'
18:58:23.012 [main] DEBUG - Save part 'xl/worksheets/sheet10.xml'
18:58:23.013 [main] DEBUG - Save part 'xl/worksheets/sheet11.xml'
18:58:23.060 [main] DEBUG - Parsing relationship: /xl/_rels/workbook.xml.rels
18:58:23.061 [main] DEBUG - Parsing relationship: /xl/worksheets/_rels/sheet7.xml.rels
18:58:23.062 [main] DEBUG - Parsing relationship: /_rels/.rels
18:58:23.081 [main] DEBUG - using default POIXMLDocumentPart for http://schemas.openxmlformats.org/officeDocument/2006/relationships/printerSettings
18:58:23.196 [main] DEBUG - Save content types part
18:58:23.198 [main] DEBUG - Save package relationships
18:58:23.200 [main] DEBUG - Save part 'docProps/app.xml'
18:58:23.200 [main] DEBUG - Save part 'docProps/core.xml'
18:58:23.202 [main] DEBUG - Save part 'xl/printerSettings/printerSettings1.bin'
18:58:23.203 [main] DEBUG - Save part 'xl/sharedStrings.xml'
18:58:23.205 [main] DEBUG - Save part 'xl/styles.xml'
18:58:23.205 [main] DEBUG - Save part 'xl/theme/theme1.xml'
18:58:23.206 [main] DEBUG - Save part 'xl/workbook.xml'
18:58:23.210 [main] DEBUG - Save part 'xl/worksheets/sheet1.xml'
18:58:23.211 [main] DEBUG - Save part 'xl/worksheets/sheet2.xml'
18:58:23.211 [main] DEBUG - Save part 'xl/worksheets/sheet3.xml'
18:58:23.211 [main] DEBUG - Save part 'xl/worksheets/sheet4.xml'
18:58:23.212 [main] DEBUG - Save part 'xl/worksheets/sheet5.xml'
18:58:23.213 [main] DEBUG - Save part 'xl/worksheets/sheet6.xml'
18:58:23.214 [main] DEBUG - Save part 'xl/worksheets/sheet7.xml'
18:58:23.216 [main] DEBUG - Save part 'xl/worksheets/sheet8.xml'
18:58:23.217 [main] DEBUG - Save part 'xl/worksheets/sheet9.xml'
18:58:23.218 [main] DEBUG - Save part 'xl/worksheets/sheet10.xml'
18:58:23.218 [main] DEBUG - Save part 'xl/worksheets/sheet11.xml'
18:58:23.321 [main] DEBUG - Parsing relationship: /xl/_rels/workbook.xml.rels
18:58:23.322 [main] DEBUG - Parsing relationship: /xl/worksheets/_rels/sheet7.xml.rels
18:58:23.323 [main] DEBUG - Parsing relationship: /_rels/.rels
18:58:23.341 [main] DEBUG - using default POIXMLDocumentPart for http://schemas.openxmlformats.org/officeDocument/2006/relationships/printerSettings
18:58:23.422 [main] DEBUG - Save content types part
18:58:23.425 [main] DEBUG - Save package relationships
18:58:23.429 [main] DEBUG - Save part 'docProps/app.xml'
18:58:23.430 [main] DEBUG - Save part 'docProps/core.xml'
18:58:23.433 [main] DEBUG - Save part 'xl/printerSettings/printerSettings1.bin'
18:58:23.433 [main] DEBUG - Save part 'xl/sharedStrings.xml'
18:58:23.436 [main] DEBUG - Save part 'xl/styles.xml'
18:58:23.444 [main] DEBUG - Save part 'xl/theme/theme1.xml'
18:58:23.445 [main] DEBUG - Save part 'xl/workbook.xml'
18:58:23.449 [main] DEBUG - Save part 'xl/worksheets/sheet1.xml'
18:58:23.450 [main] DEBUG - Save part 'xl/worksheets/sheet2.xml'
18:58:23.450 [main] DEBUG - Save part 'xl/worksheets/sheet3.xml'
18:58:23.451 [main] DEBUG - Save part 'xl/worksheets/sheet4.xml'
18:58:23.452 [main] DEBUG - Save part 'xl/worksheets/sheet5.xml'
18:58:23.453 [main] DEBUG - Save part 'xl/worksheets/sheet6.xml'
18:58:23.454 [main] DEBUG - Save part 'xl/worksheets/sheet7.xml'
18:58:23.457 [main] DEBUG - Save part 'xl/worksheets/sheet8.xml'
18:58:23.461 [main] DEBUG - Save part 'xl/worksheets/sheet9.xml'
18:58:23.462 [main] DEBUG - Save part 'xl/worksheets/sheet10.xml'
18:58:23.462 [main] DEBUG - Save part 'xl/worksheets/sheet11.xml'
18:58:23.560 [main] DEBUG - Parsing relationship: /xl/_rels/workbook.xml.rels
18:58:23.562 [main] DEBUG - Parsing relationship: /xl/worksheets/_rels/sheet7.xml.rels
18:58:23.563 [main] DEBUG - Parsing relationship: /_rels/.rels
18:58:23.581 [main] DEBUG - using default POIXMLDocumentPart for http://schemas.openxmlformats.org/officeDocument/2006/relationships/printerSettings
18:58:23.655 [main] DEBUG - Save content types part
18:58:23.658 [main] DEBUG - Save package relationships
18:58:23.660 [main] DEBUG - Save part 'docProps/app.xml'
18:58:23.660 [main] DEBUG - Save part 'docProps/core.xml'
18:58:23.663 [main] DEBUG - Save part 'xl/printerSettings/printerSettings1.bin'
18:58:23.663 [main] DEBUG - Save part 'xl/sharedStrings.xml'
18:58:23.664 [main] DEBUG - Save part 'xl/styles.xml'
18:58:23.665 [main] DEBUG - Save part 'xl/theme/theme1.xml'
18:58:23.665 [main] DEBUG - Save part 'xl/workbook.xml'
18:58:23.667 [main] DEBUG - Save part 'xl/worksheets/sheet1.xml'
18:58:23.668 [main] DEBUG - Save part 'xl/worksheets/sheet2.xml'
18:58:23.668 [main] DEBUG - Save part 'xl/worksheets/sheet3.xml'
18:58:23.668 [main] DEBUG - Save part 'xl/worksheets/sheet4.xml'
18:58:23.669 [main] DEBUG - Save part 'xl/worksheets/sheet5.xml'
18:58:23.670 [main] DEBUG - Save part 'xl/worksheets/sheet6.xml'
18:58:23.671 [main] DEBUG - Save part 'xl/worksheets/sheet7.xml'
18:58:23.673 [main] DEBUG - Save part 'xl/worksheets/sheet8.xml'
18:58:23.674 [main] DEBUG - Save part 'xl/worksheets/sheet9.xml'
18:58:23.675 [main] DEBUG - Save part 'xl/worksheets/sheet10.xml'
18:58:23.675 [main] DEBUG - Save part 'xl/worksheets/sheet11.xml'
18:58:23.741 [main] DEBUG - Parsing relationship: /xl/_rels/workbook.xml.rels
18:58:23.742 [main] DEBUG - Parsing relationship: /xl/worksheets/_rels/sheet7.xml.rels
18:58:23.743 [main] DEBUG - Parsing relationship: /_rels/.rels
18:58:23.760 [main] DEBUG - using default POIXMLDocumentPart for http://schemas.openxmlformats.org/officeDocument/2006/relationships/printerSettings
18:58:23.870 [main] DEBUG - Save content types part
18:58:23.873 [main] DEBUG - Save package relationships
18:58:23.878 [main] DEBUG - Save part 'docProps/app.xml'
18:58:23.880 [main] DEBUG - Save part 'docProps/core.xml'
18:58:23.882 [main] DEBUG - Save part 'xl/printerSettings/printerSettings1.bin'
18:58:23.883 [main] DEBUG - Save part 'xl/sharedStrings.xml'
18:58:23.884 [main] DEBUG - Save part 'xl/styles.xml'
18:58:23.885 [main] DEBUG - Save part 'xl/theme/theme1.xml'
18:58:23.885 [main] DEBUG - Save part 'xl/workbook.xml'
18:58:23.889 [main] DEBUG - Save part 'xl/worksheets/sheet1.xml'
18:58:23.890 [main] DEBUG - Save part 'xl/worksheets/sheet2.xml'
18:58:23.891 [main] DEBUG - Save part 'xl/worksheets/sheet3.xml'
18:58:23.894 [main] DEBUG - Save part 'xl/worksheets/sheet4.xml'
18:58:23.895 [main] DEBUG - Save part 'xl/worksheets/sheet5.xml'
18:58:23.896 [main] DEBUG - Save part 'xl/worksheets/sheet6.xml'
18:58:23.896 [main] DEBUG - Save part 'xl/worksheets/sheet7.xml'
18:58:23.898 [main] DEBUG - Save part 'xl/worksheets/sheet8.xml'
18:58:23.899 [main] DEBUG - Save part 'xl/worksheets/sheet9.xml'
18:58:23.900 [main] DEBUG - Save part 'xl/worksheets/sheet10.xml'
18:58:23.900 [main] DEBUG - Save part 'xl/worksheets/sheet11.xml'
18:58:23.968 [main] DEBUG - Parsing relationship: /xl/_rels/workbook.xml.rels
18:58:23.970 [main] DEBUG - Parsing relationship: /xl/worksheets/_rels/sheet7.xml.rels
18:58:23.971 [main] DEBUG - Parsing relationship: /_rels/.rels
18:58:23.993 [main] DEBUG - using default POIXMLDocumentPart for http://schemas.openxmlformats.org/officeDocument/2006/relationships/printerSettings
18:58:24.070 [main] DEBUG - Save content types part
18:58:24.073 [main] DEBUG - Save package relationships
18:58:24.075 [main] DEBUG - Save part 'docProps/app.xml'
18:58:24.076 [main] DEBUG - Save part 'docProps/core.xml'
18:58:24.078 [main] DEBUG - Save part 'xl/printerSettings/printerSettings1.bin'
18:58:24.079 [main] DEBUG - Save part 'xl/sharedStrings.xml'
18:58:24.080 [main] DEBUG - Save part 'xl/styles.xml'
18:58:24.081 [main] DEBUG - Save part 'xl/theme/theme1.xml'
18:58:24.081 [main] DEBUG - Save part 'xl/workbook.xml'
18:58:24.084 [main] DEBUG - Save part 'xl/worksheets/sheet1.xml'
18:58:24.084 [main] DEBUG - Save part 'xl/worksheets/sheet2.xml'
18:58:24.085 [main] DEBUG - Save part 'xl/worksheets/sheet3.xml'
18:58:24.085 [main] DEBUG - Save part 'xl/worksheets/sheet4.xml'
18:58:24.086 [main] DEBUG - Save part 'xl/worksheets/sheet5.xml'
18:58:24.087 [main] DEBUG - Save part 'xl/worksheets/sheet6.xml'
18:58:24.089 [main] DEBUG - Save part 'xl/worksheets/sheet7.xml'
18:58:24.092 [main] DEBUG - Save part 'xl/worksheets/sheet8.xml'
18:58:24.093 [main] DEBUG - Save part 'xl/worksheets/sheet9.xml'
18:58:24.094 [main] DEBUG - Save part 'xl/worksheets/sheet10.xml'
18:58:24.094 [main] DEBUG - Save part 'xl/worksheets/sheet11.xml'
18:58:24.165 [main] DEBUG - Parsing relationship: /xl/_rels/workbook.xml.rels
18:58:24.166 [main] DEBUG - Parsing relationship: /xl/worksheets/_rels/sheet7.xml.rels
18:58:24.166 [main] DEBUG - Parsing relationship: /_rels/.rels
18:58:24.181 [main] DEBUG - using default POIXMLDocumentPart for http://schemas.openxmlformats.org/officeDocument/2006/relationships/printerSettings
18:58:24.256 [main] DEBUG - Save content types part
18:58:24.258 [main] DEBUG - Save package relationships
18:58:24.260 [main] DEBUG - Save part 'docProps/app.xml'
18:58:24.260 [main] DEBUG - Save part 'docProps/core.xml'
18:58:24.262 [main] DEBUG - Save part 'xl/printerSettings/printerSettings1.bin'
18:58:24.263 [main] DEBUG - Save part 'xl/sharedStrings.xml'
18:58:24.264 [main] DEBUG - Save part 'xl/styles.xml'
18:58:24.264 [main] DEBUG - Save part 'xl/theme/theme1.xml'
18:58:24.264 [main] DEBUG - Save part 'xl/workbook.xml'
18:58:24.266 [main] DEBUG - Save part 'xl/worksheets/sheet1.xml'
18:58:24.267 [main] DEBUG - Save part 'xl/worksheets/sheet2.xml'
18:58:24.267 [main] DEBUG - Save part 'xl/worksheets/sheet3.xml'
18:58:24.267 [main] DEBUG - Save part 'xl/worksheets/sheet4.xml'
18:58:24.268 [main] DEBUG - Save part 'xl/worksheets/sheet5.xml'
18:58:24.269 [main] DEBUG - Save part 'xl/worksheets/sheet6.xml'
18:58:24.270 [main] DEBUG - Save part 'xl/worksheets/sheet7.xml'
18:58:24.272 [main] DEBUG - Save part 'xl/worksheets/sheet8.xml'
18:58:24.273 [main] DEBUG - Save part 'xl/worksheets/sheet9.xml'
18:58:24.274 [main] DEBUG - Save part 'xl/worksheets/sheet10.xml'
18:58:24.275 [main] DEBUG - Save part 'xl/worksheets/sheet11.xml'
18:58:24.310 [main] DEBUG - Parsing relationship: /xl/_rels/workbook.xml.rels
18:58:24.311 [main] DEBUG - Parsing relationship: /xl/worksheets/_rels/sheet7.xml.rels
18:58:24.312 [main] DEBUG - Parsing relationship: /_rels/.rels
18:58:24.331 [main] DEBUG - using default POIXMLDocumentPart for http://schemas.openxmlformats.org/officeDocument/2006/relationships/printerSettings
18:58:24.454 [main] DEBUG - Save content types part
18:58:24.458 [main] DEBUG - Save package relationships
18:58:24.460 [main] DEBUG - Save part 'docProps/app.xml'
18:58:24.461 [main] DEBUG - Save part 'docProps/core.xml'
18:58:24.463 [main] DEBUG - Save part 'xl/printerSettings/printerSettings1.bin'
18:58:24.464 [main] DEBUG - Save part 'xl/sharedStrings.xml'
18:58:24.465 [main] DEBUG - Save part 'xl/styles.xml'
18:58:24.466 [main] DEBUG - Save part 'xl/theme/theme1.xml'
18:58:24.467 [main] DEBUG - Save part 'xl/workbook.xml'
18:58:24.472 [main] DEBUG - Save part 'xl/worksheets/sheet1.xml'
18:58:24.474 [main] DEBUG - Save part 'xl/worksheets/sheet2.xml'
18:58:24.476 [main] DEBUG - Save part 'xl/worksheets/sheet3.xml'
18:58:24.477 [main] DEBUG - Save part 'xl/worksheets/sheet4.xml'
18:58:24.479 [main] DEBUG - Save part 'xl/worksheets/sheet5.xml'
18:58:24.481 [main] DEBUG - Save part 'xl/worksheets/sheet6.xml'
18:58:24.482 [main] DEBUG - Save part 'xl/worksheets/sheet7.xml'
18:58:24.488 [main] DEBUG - Save part 'xl/worksheets/sheet8.xml'
18:58:24.490 [main] DEBUG - Save part 'xl/worksheets/sheet9.xml'
18:58:24.491 [main] DEBUG - Save part 'xl/worksheets/sheet10.xml'
18:58:24.492 [main] DEBUG - Save part 'xl/worksheets/sheet11.xml'
